%YAML:1.0
R: !!opencv-matrix
   rows: 3
   cols: 3
   dt: d
   data: [ 9.9994711016991145e-01, 1.0009670252872346e-02,
       2.3629143597958665e-03, -9.9740473886198652e-03,
       9.9984316009285767e-01, -1.4634670963770177e-02,
       -2.5090319911336978e-03, 1.4610329118709652e-02,
       9.9989011548345175e-01 ]
T: !!opencv-matrix
   rows: 3
   cols: 1
   dt: d
   data: [ -1.4338985277346758e+01, 1.8982368709781194e-01,
       5.4928299115660817e-01 ]
R1: !!opencv-matrix
   rows: 3
   cols: 3
   dt: d
   data: [ 9.9935479172585684e-01, -3.7831177687175500e-03,
       -3.5716778613382641e-02, 3.5187582424075514e-03,
       9.9996597152055477e-01, -7.4615106637198119e-03,
       3.5743790999289142e-02, 7.3310177261638873e-03,
       9.9933409707869858e-01 ]
R2: !!opencv-matrix
   rows: 3
   cols: 3
   dt: d
   data: [ 9.9917967257026041e-01, -1.3227433172702766e-02,
       -3.8275539631060632e-02, 1.3510270864202194e-02,
       9.9988323744243324e-01, 7.1403125151975706e-03,
       3.8176622474534072e-02, -7.6515680288735729e-03,
       9.9924171200122369e-01 ]
P1: !!opencv-matrix
   rows: 3
   cols: 4
   dt: d
   data: [ 7.7062886873291791e+02, 0., 3.5164859390258789e+02, 0., 0.,
       7.7062886873291791e+02, 2.4609856033325195e+02, 0., 0., 0., 1.,
       0. ]
P2: !!opencv-matrix
   rows: 3
   cols: 4
   dt: d
   data: [ 7.7062886873291791e+02, 0., 3.5164859390258789e+02,
       -1.1059108092776656e+04, 0., 7.7062886873291791e+02,
       2.4609856033325195e+02, 0., 0., 0., 1., 0. ]
Q: !!opencv-matrix
   rows: 4
   cols: 4
   dt: d
   data: [ 1., 0., 0., -3.5164859390258789e+02, 0., 1., 0.,
       -2.4609856033325195e+02, 0., 0., 0., 7.7062886873291791e+02, 0.,
       0., 6.9682732302459388e-02, 0. ]
