%YAML:1.0
M1: !!opencv-matrix
   rows: 3
   cols: 3
   dt: d
   data: [ 8.1767411838746273e+02, 0., 3.1502193246852670e+02, 0.,
       8.1767411838746273e+02, 2.4661783147661325e+02, 0., 0., 1. ]
D1: !!opencv-matrix
   rows: 1
   cols: 14
   dt: d
   data: [ -1.6983086796277871e-01, 2.3598239639565599e+00, 0., 0., 0.,
       0., 0., 7.6792647571517865e+00, 0., 0., 0., 0., 0., 0. ]
M2: !!opencv-matrix
   rows: 3
   cols: 3
   dt: d
   data: [ 8.1767411838746273e+02, 0., 3.2175699471790006e+02, 0.,
       8.1767411838746273e+02, 2.4501793116217786e+02, 0., 0., 1. ]
D2: !!opencv-matrix
   rows: 1
   cols: 14
   dt: d
   data: [ 6.2818905459576399e-02, 5.0514900054253109e-01, 0., 0., 0.,
       0., 0., 2.9050688896593919e+00, 0., 0., 0., 0., 0., 0. ]
