%YAML:1.0
M1: !!opencv-matrix
   rows: 3
   cols: 3
   dt: d
   data: [ 7.9339786707947997e+02, 0., 3.2181449884446960e+02, 0.,
       7.9339786707947997e+02, 2.3152106636256525e+02, 0., 0., 1. ]
D1: !!opencv-matrix
   rows: 1
   cols: 14
   dt: d
   data: [ 4.0000734788401680e-02, 4.1253120688347500e-01, 0., 0., 0.,
       0., 0., 1.6049930450245415e+00, 0., 0., 0., 0., 0., 0. ]
M2: !!opencv-matrix
   rows: 3
   cols: 3
   dt: d
   data: [ 7.9339786707947997e+02, 0., 3.2887615732512347e+02, 0.,
       7.9339786707947997e+02, 2.3179289540795602e+02, 0., 0., 1. ]
D2: !!opencv-matrix
   rows: 1
   cols: 14
   dt: d
   data: [ -9.8675529226182699e-03, 6.0337103117122415e-01, 0., 0., 0.,
       0., 0., 1.9394678763439623e+00, 0., 0., 0., 0., 0., 0. ]
