%YAML:1.0
R: !!opencv-matrix
   rows: 3
   cols: 3
   dt: d
   data: [ 9.7411679529666018e-01, -3.1385601091912158e-02,
       2.2385578653468810e-01, 4.7637409631116207e-03,
       9.9294432895735352e-01, 1.1848572219245311e-01,
       -2.2599507935572591e-01, -1.1435254101037794e-01,
       9.6739326050550345e-01 ]
T: !!opencv-matrix
   rows: 3
   cols: 1
   dt: d
   data: [ -2.2456260183328993e+01, -8.6134745121912798e-02,
       4.3382851659577817e+00 ]
R1: !!opencv-matrix
   rows: 3
   cols: 3
   dt: d
   data: [ 9.9931028420743873e-01, -5.3858098336386417e-03,
       3.6741651156199512e-02, 3.2101657740412556e-03,
       9.9825171928705347e-01, 5.9018639226475121e-02,
       -3.6995279603635245e-02, -5.8859986347921757e-02,
       9.9758049865370324e-01 ]
R2: !!opencv-matrix
   rows: 3
   cols: 3
   dt: d
   data: [ 9.8183879965629484e-01, 3.7660070763689685e-03,
       -1.8967970023222566e-01, -1.4991989950429156e-02,
       9.9821654202776888e-01, -5.7783868505404498e-02,
       1.8912380000098472e-01, 5.9578120252525464e-02,
       9.8014419136184394e-01 ]
P1: !!opencv-matrix
   rows: 3
   cols: 4
   dt: d
   data: [ 5.3019533251196128e+02, 0., 4.1029437255859375e+02, 0., 0.,
       5.3019533251196128e+02, 2.3495566940307617e+02, 0., 0., 0., 1.,
       0. ]
P2: !!opencv-matrix
   rows: 3
   cols: 4
   dt: d
   data: [ 5.3019533251196128e+02, 0., 4.1029437255859375e+02,
       -1.2126434949447050e+04, 0., 5.3019533251196128e+02,
       2.3495566940307617e+02, 0., 0., 0., 1., 0. ]
Q: !!opencv-matrix
   rows: 4
   cols: 4
   dt: d
   data: [ 1., 0., 0., -4.1029437255859375e+02, 0., 1., 0.,
       -2.3495566940307617e+02, 0., 0., 0., 5.3019533251196128e+02, 0.,
       0., 4.3722275732501051e-02, 0. ]
