%YAML:1.0
R: !!opencv-matrix
   rows: 3
   cols: 3
   dt: d
   data: [ 9.9994637226837280e-01, 8.9332908424147230e-03,
       5.2391699767747385e-03, -8.8879049909793544e-03,
       9.9992332134724693e-01, -8.6230256152717288e-03,
       -5.3158002400422099e-03, 8.5759979369830416e-03,
       9.9994909596798620e-01 ]
T: !!opencv-matrix
   rows: 3
   cols: 1
   dt: d
   data: [ -1.4419956837651538e+01, 1.3176247273523675e-01,
       1.2128722434408133e-01 ]
R1: !!opencv-matrix
   rows: 3
   cols: 3
   dt: d
   data: [ 9.9999518041794044e-01, -2.7562866693284227e-04,
       -3.0924375060250933e-03, 2.6230878389490618e-04,
       9.9999069119084394e-01, -4.3068231632947722e-03,
       3.0935958030417310e-03, 4.3059912326856402e-03,
       9.9998594395346940e-01 ]
R2: !!opencv-matrix
   rows: 3
   cols: 3
   dt: d
   data: [ 9.9992288886799363e-01, -9.1368035192630186e-03,
       -8.4104184994737204e-03, 9.1729382223737482e-03,
       9.9994881972278582e-01, 4.2679197949290829e-03,
       8.3709929073211842e-03, -4.3447389401223687e-03,
       9.9995552387158082e-01 ]
P1: !!opencv-matrix
   rows: 3
   cols: 4
   dt: d
   data: [ 8.1707177649630262e+02, 0., 3.0378237533569336e+02, 0., 0.,
       8.1707177649630262e+02, 2.4508841133117676e+02, 0., 0., 0., 1.,
       0. ]
P2: !!opencv-matrix
   rows: 3
   cols: 4
   dt: d
   data: [ 8.1707177649630262e+02, 0., 3.0378237533569336e+02,
       -1.1783048354537052e+04, 0., 8.1707177649630262e+02,
       2.4508841133117676e+02, 0., 0., 0., 1., 0. ]
Q: !!opencv-matrix
   rows: 4
   cols: 4
   dt: d
   data: [ 1., 0., 0., -3.0378237533569336e+02, 0., 1., 0.,
       -2.4508841133117676e+02, 0., 0., 0., 8.1707177649630262e+02, 0.,
       0., 6.9342987647308590e-02, 0. ]
