%YAML:1.0
R: !!opencv-matrix
   rows: 3
   cols: 3
   dt: d
   data: [ 9.9992757082146577e-01, 8.9245585842471845e-03,
       8.0749839107419168e-03, -8.8582466453407463e-03,
       9.9992705400110860e-01, -8.2108551950670280e-03,
       -8.1476731311896852e-03, 8.1387302904316512e-03,
       9.9993368604713329e-01 ]
T: !!opencv-matrix
   rows: 3
   cols: 1
   dt: d
   data: [ -1.4405834297666965e+01, 1.1024333700166182e-01,
       4.7003984086834866e-01 ]
R1: !!opencv-matrix
   rows: 3
   cols: 3
   dt: d
   data: [ 9.9969994288123754e-01, 1.0063110701449421e-03,
       -2.4474712281871643e-02, -1.1077279378081022e-03,
       9.9999085576246161e-01, -4.1305363181770877e-03,
       2.4470331874866261e-02, 4.1564082439149840e-03,
       9.9969191610637909e-01 ]
R2: !!opencv-matrix
   rows: 3
   cols: 3
   dt: d
   data: [ 9.9943888340979747e-01, -7.6483926831058821e-03,
       -3.2610127536429168e-02, 7.7834752556648241e-03,
       9.9996163819348127e-01, 4.0174188671149086e-03,
       3.2578149755957873e-02, -4.2689847475026214e-03,
       9.9946007420391925e-01 ]
P1: !!opencv-matrix
   rows: 3
   cols: 4
   dt: d
   data: [ 7.6039860592254945e+02, 0., 3.4412564468383789e+02, 0., 0.,
       7.6039860592254945e+02, 2.4652535629272461e+02, 0., 0., 0., 1.,
       0. ]
P2: !!opencv-matrix
   rows: 3
   cols: 4
   dt: d
   data: [ 7.6039860592254945e+02, 0., 3.4412564468383789e+02,
       -1.0960326338039516e+04, 0., 7.6039860592254945e+02,
       2.4652535629272461e+02, 0., 0., 0., 1., 0. ]
Q: !!opencv-matrix
   rows: 4
   cols: 4
   dt: d
   data: [ 1., 0., 0., -3.4412564468383789e+02, 0., 1., 0.,
       -2.4652535629272461e+02, 0., 0., 0., 7.6039860592254945e+02, 0.,
       0., 6.9377369110212334e-02, 0. ]
