%YAML:1.0
R: !!opencv-matrix
   rows: 3
   cols: 3
   dt: d
   data: [ 9.9998691558581865e-01, -4.1547564661120794e-03,
       2.9844020955887246e-03, 4.0679730255429947e-03,
       9.9958497144778724e-01, 2.8519054177686028e-02,
       -3.1016532082599247e-03, -2.8506540555346876e-02,
       9.9958879390124311e-01 ]
T: !!opencv-matrix
   rows: 3
   cols: 1
   dt: d
   data: [ -8.3839587104653805e+00, 3.5127421994050070e-02,
       1.0117856967127190e-01 ]
R1: !!opencv-matrix
   rows: 3
   cols: 3
   dt: d
   data: [ 9.9992571487983983e-01, -7.9981819695324145e-03,
       -9.1974891803971517e-03, 8.1286470723584935e-03,
       9.9986562074424346e-01, 1.4236065134070679e-02,
       9.0823905891738409e-03, -1.4309770749760869e-02,
       9.9985636000491340e-01 ]
R2: !!opencv-matrix
   rows: 3
   cols: 3
   dt: d
   data: [ 9.9991841292990669e-01, -4.1894953522060218e-03,
       -1.2067129419647805e-02, 4.0168287033625601e-03,
       9.9988971419311889e-01, -1.4297710934646020e-02,
       1.2125698780050900e-02, 1.4248072834481793e-02,
       9.9982496460610482e-01 ]
P1: !!opencv-matrix
   rows: 3
   cols: 4
   dt: d
   data: [ 7.4822262123137409e+02, 0., 3.3524128723144531e+02, 0., 0.,
       7.4822262123137409e+02, 2.3170665550231934e+02, 0., 0., 0., 1.,
       0. ]
P2: !!opencv-matrix
   rows: 3
   cols: 4
   dt: d
   data: [ 7.4822262123137409e+02, 0., 3.3524128723144531e+02,
       -6.2735794056027189e+03, 0., 7.4822262123137409e+02,
       2.3170665550231934e+02, 0., 0., 0., 1., 0. ]
Q: !!opencv-matrix
   rows: 4
   cols: 4
   dt: d
   data: [ 1., 0., 0., -3.3524128723144531e+02, 0., 1., 0.,
       -2.3170665550231934e+02, 0., 0., 0., 7.4822262123137409e+02, 0.,
       0., 1.1926566523780062e-01, 0. ]
