%YAML:1.0
M1: !!opencv-matrix
   rows: 3
   cols: 3
   dt: d
   data: [ 8.5810707260316997e+02, 0., 2.9756953161437832e+02, 0.,
       8.5810707260316997e+02, 2.4588309368952943e+02, 0., 0., 1. ]
D1: !!opencv-matrix
   rows: 1
   cols: 14
   dt: d
   data: [ 4.6564138998221781e-02, 3.9299659002860038e-01, 0., 0., 0.,
       0., 0., 1.3900600336660527e+00, 0., 0., 0., 0., 0., 0. ]
M2: !!opencv-matrix
   rows: 3
   cols: 3
   dt: d
   data: [ 8.5810707260316997e+02, 0., 3.0165313838838796e+02, 0.,
       8.5810707260316997e+02, 2.4405729588069374e+02, 0., 0., 1. ]
D2: !!opencv-matrix
   rows: 1
   cols: 14
   dt: d
   data: [ 1.2296387791255654e-02, 1.6694467440105853e+00, 0., 0., 0.,
       0., 0., 8.6828428987229263e+00, 0., 0., 0., 0., 0., 0. ]
