%YAML:1.0
M1: !!opencv-matrix
   rows: 3
   cols: 3
   dt: d
   data: [ 8.1541549268801759e+02, 0., 3.2757571815015115e+02, 0.,
       8.1541549268801759e+02, 2.3729966164189452e+02, 0., 0., 1. ]
D1: !!opencv-matrix
   rows: 1
   cols: 14
   dt: d
   data: [ -8.4866584278283641e-03, 1.8955667707716367e-01, 0., 0., 0.,
       0., 0., 7.3770579160370708e-01, 0., 0., 0., 0., 0., 0. ]
M2: !!opencv-matrix
   rows: 3
   cols: 3
   dt: d
   data: [ 8.1541549268801759e+02, 0., 3.4324537359844862e+02, 0.,
       8.1541549268801759e+02, 2.3289118483520849e+02, 0., 0., 1. ]
D2: !!opencv-matrix
   rows: 1
   cols: 14
   dt: d
   data: [ -7.3222027081579679e-03, 9.2046366765953611e-02, 0., 0., 0.,
       0., 0., 2.9735723743397136e-01, 0., 0., 0., 0., 0., 0. ]
