%YAML:1.0
M1: !!opencv-matrix
   rows: 3
   cols: 3
   dt: d
   data: [ 8.0485609449895640e+02, 0., 3.1960981255333081e+02, 0.,
       8.0485609449895640e+02, 2.5124841422097776e+02, 0., 0., 1. ]
D1: !!opencv-matrix
   rows: 1
   cols: 14
   dt: d
   data: [ -9.4915226954882928e-02, 2.2280007073322907e+00, 0., 0., 0.,
       0., 0., 8.0288363057294294e+00, 0., 0., 0., 0., 0., 0. ]
M2: !!opencv-matrix
   rows: 3
   cols: 3
   dt: d
   data: [ 8.0485609449895640e+02, 0., 3.1658473911634013e+02, 0.,
       8.0485609449895640e+02, 2.4077182009055912e+02, 0., 0., 1. ]
D2: !!opencv-matrix
   rows: 1
   cols: 14
   dt: d
   data: [ 9.9747563980750437e-02, 7.4847822262265648e-02, 0., 0., 0.,
       0., 0., 3.7370870412065876e-01, 0., 0., 0., 0., 0., 0. ]
